93.32297
91.16998
81.72574
75.546234
64.94063
59.48742
57.499065
63.11878
64.934166
74.210335
68.89224
69.30701
68.98128
71.90723
70.13028
62.32179
67.95013
62.97562
68.644745
64.01128
65.0383
66.0867
73.339615
69.59804
72.04274
69.77512
74.28368
78.18921
79.07915
72.887184
73.89303
71.73622
85.062195
92.94383
101.00125
92.81328
93.59948
94.39549
91.15478
98.28572
95.9832
100.23465
92.42675
84.812004
90.06344
92.96724
95.84298
88.552605
91.14969
84.61179
75.92589
63.664547
60.69212
71.89029
70.033104
69.49724
65.328735
62.34866
69.89554
68.426285
68.66396
65.55641
70.11714
69.29701
69.58077
64.58547
58.468433
54.731964
57.801666
60.736248
59.172276
57.971096
60.38306
64.14032
61.016487
64.93357
62.543003
73.644165
68.87632
76.77814
74.30095
69.96123
68.09779
67.16236
66.897224
63.933804
72.67931
76.02376
88.94836
89.57375
74.51597
74.16681
68.04505
65.68085
