96.72137
95.8706
89.6742
80.08579
74.83635
63.693134
60.027565
64.55547
67.68752
76.79026
76.30143
71.993515
71.7919
73.53783
72.76817
67.42831
69.63864
72.03788
72.138
71.32816
67.08163
67.74046
75.27649
75.08664
74.6409
74.947365
76.06217
79.79982
80.86632
77.54961
75.78662
77.24299
87.547035
95.40492
103.678734
100.30235
96.39164
98.521996
95.2576
100.366646
103.179184
103.20371
100.45334
89.05981
91.99257
97.6555
97.73932
94.59221
93.27923
93.56709
80.12354
72.72863
63.513428
73.99508
76.86933
72.11422
69.70651
65.71912
71.700264
74.06834
70.76995
69.20188
71.60008
73.066055
71.25402
69.695526
63.00605
57.870174
59.226757
62.524525
61.34229
59.96416
61.705086
65.576546
64.64467
66.658134
68.30143
76.034485
77.21972
80.20972
81.72966
72.79044
70.50256
70.36128
68.168465
66.624626
74.67883
79.84626
91.874794
94.38368
83.42409
76.753395
79.19288
67.78879