90.837616
89.71612
82.3535
76.83126
68.83626
63.668945
61.12081
65.20529
66.147736
71.775955
68.34308
67.422966
68.0232
70.62509
69.323166
62.121914
67.82703
63.683914
67.58055
63.833874
64.75412
65.19139
71.596725
69.58248
70.68196
69.22678
73.48071
76.958595
77.308304
74.304985
74.24415
73.16786
83.76204
90.092545
96.97869
90.613365
91.35926
92.361
90.70292
96.48697
95.985954
99.382256
92.99588
87.64456
92.04418
95.02686
96.15394
90.263
91.71555
87.10396
80.21733
71.408134
67.74658
76.67175
74.352486
72.40595
68.86419
64.990585
71.102844
69.78388
69.00177
66.81846
70.06863
69.07857
69.16499
64.88389
59.89961
56.56763
59.376503
61.3748
60.139507
59.526096
61.74139
65.46493
63.124733
66.27893
64.52716
73.18807
69.68208
75.10258
74.18626
71.16746
69.220314
69.51172
69.48345
66.6424
74.39741
77.789696
87.78845
88.37218
77.18668
78.297714
76.5721
75.20146
