89.03255
88.31027
85.04305
79.57467
75.279785
67.51962
64.34247
64.14822
65.41259
71.18872
71.86973
69.96189
69.4506
69.36402
69.77641
68.52518
68.24587
68.61044
68.80179
67.9866
65.765625
66.696915
69.91708
71.692894
71.79211
71.71237
72.003044
75.79587
77.1837
77.11705
75.80075
74.36748
79.99045
85.423996
92.323326
91.80878
89.589874
89.29338
88.35323
92.24986
93.146545
94.66434
94.199844
89.18762
89.58942
90.46692
92.112465
90.84457
88.897705
88.00494
83.12653
78.09638
71.19871
72.00399
73.52048
72.87137
71.66307
67.99579
69.68026
70.74859
70.465546
69.02277
69.26123
69.338135
69.14935
68.256546
64.56782
61.170063
59.964676
61.417236
62.00833
61.17574
62.326714
64.603966
64.93091
66.22585
66.5289
71.45209
72.340744
74.70399
75.06684
72.88385
71.474205
69.74764
68.33137
67.6481
71.705345
75.07557
83.54748
85.31057
84.4262
80.88386
79.27402
75.39224