88.774254
88.0257
83.49726
77.6308
70.71983
64.3665
61.086086
62.0751
65.1869
69.611145
70.7454
69.8749
70.20352
70.86979
71.47681
67.74204
66.7248
66.91604
67.68392
66.88602
66.07934
67.27699
70.275406
71.78124
72.15973
71.11265
71.595474
75.81545
77.93823
75.65683
74.00627
73.021935
76.42177
84.60825
91.81684
92.172424
89.35513
88.7862
88.297134
91.12431
94.07448
95.73898
94.02225
88.85017
88.79003
92.22476
93.77502
91.036804
89.099266
87.4867
82.231094
75.0133
69.02511
69.69902
71.34916
70.87945
68.42249
64.66599
66.60786
69.8012
69.940445
67.87809
68.34077
70.054504
70.06944
68.169075
64.08437
60.127563
59.68494
61.908913
62.76264
62.091816
62.65641
64.79986
65.15748
65.73097
65.63609
68.80181
71.18022
73.0994
74.62468
72.83608
70.787155
68.80588
68.221306
67.56406
69.52967
73.81427
80.77383
85.37154
80.336
76.962814
77.4647
75.63352
