94.84273
95.07964
82.7886
77.95533
68.55706
61.788177
60.35337
64.794876
65.22636
74.6734
69.34151
70.22168
72.12845
72.89152
70.83169
63.356625
71.20241
64.44736
68.85741
66.057
65.93358
68.31463
74.3485
69.62821
73.255806
72.33809
75.324196
79.577255
79.48091
73.891655
76.77342
74.05544
86.09298
93.35751
99.753265
93.5531
96.57437
98.108894
91.61532
100.70516
98.047646
100.95658
94.69381
86.650154
94.55223
94.65553
95.33904
90.31286
94.370384
87.01388
76.580475
66.83335
64.680855
74.124664
69.118645
69.186615
68.73869
64.05151
71.91965
69.10588
68.697296
68.0216
72.06165
70.18442
70.19664
66.54889
60.087868
57.242146
60.12871
61.461105
59.09572
59.46944
62.549873
64.98667
61.055927
66.65154
64.260414
74.45321
69.364365
77.30867
76.612816
69.9394
70.978516
69.67564
67.8387
65.25428
74.93644
76.73557
88.436424
90.15375
74.30156
78.2165
72.25808
65.52206
