[ 90.          79.          99.         117.          99.
  99.          86.          95.          93.          69.
  87.          94.          74.          90.          76.
  71.          87.          60.          72.          73.
  77.          51.          66.          58.          63.
  52.5         67.          63.          78.          84.
  69.          75.          77.          71.          82.
  85.          82.          81.5         94.          99.
  97.          78.          93.5         80.          92.
  74.          71.          83.          70.          80.
  86.          61.          77.15506329  70.          83.
  95.          82.          86.          83.          83.
  82.          79.         101.         122.         100.
  74.          70.          70.          70.          74.
  73.          83.          66.          60.          66.
  62.          60.          69.          67.          71.
  68.          60.          68.          73.          66.
  67.          72.          77.          67.          47.
  68.          85.5         84.          78.          89.
  81.          61.          75.          99.         104.
  83.          77.15506329  62.          70.          91.
  98.         103.         112.         105.         111.
 109.          99.         110.          88.          82.5
  99.          81.          79.          72.          80.
  75.          86.          77.          61.          56.
  55.          66.          60.          71.          71.
  74.          72.          54.          65.          74.
  75.          76.          72.          69.          78.5
  67.          72.          63.          69.          87.
  71.          71.          72.5         75.          93.
  89.         100.          96.          96.         101.
 102.          70.5         72.          74.          67.
  68.          70.          65.          75.5         72.
  65.          80.          95.          94.5         71.
  84.5         81.          78.          71.          66.
  83.          85.          62.          73.          80.
  69.          66.          63.          63.          69.
  68.          78.5         78.          78.          79.
  67.          69.          82.          78.          61.
  73.5         70.          79.          81.5         83.
  90.          79.          99.          97.          95.
  67.          79.5         65.          80.          74.
  70.5         79.          78.         104.          77.
  74.          87.          84.          94.         109.
  91.          93.5         95.          76.          72.
  61.          57.          59.          70.          68.
  82.          67.          69.          73.          76.
  70.          57.          75.          63.          72.
  64.          66.          70.          81.          68.
  74.          72.          79.          84.          81.
  69.          77.          74.          97.         103.
 107.          88.          96.         101.          90.
 106.          99.         104.          90.          80.
  99.         100.          98.          85.          96.
  84.          69.          57.          62.          85.
  70.          67.          66.          62.          78.
  70.          68.          66.          76.          71.
  70.          63.          55.          54.          63.
  65.          58.          58.          65.          69.
  59.          69.          64.          83.          68.
  82.          77.          66.          69.          70.
  68.          63.          82.          82.          99.
  93.          61.          76.          70.5         63.
  75.        ]
[[ 96.72137 ]
 [ 95.8706  ]
 [ 89.6742  ]
 [ 80.08579 ]
 [ 74.83635 ]
 [ 63.693134]
 [ 60.027565]
 [ 64.55547 ]
 [ 67.68752 ]
 [ 76.79026 ]
 [ 76.30143 ]
 [ 71.993515]
 [ 71.7919  ]
 [ 73.53783 ]
 [ 72.76817 ]
 [ 67.42831 ]
 [ 69.63864 ]
 [ 72.03788 ]
 [ 72.138   ]
 [ 71.32816 ]
 [ 67.08163 ]
 [ 67.74046 ]
 [ 75.27649 ]
 [ 75.08664 ]
 [ 74.6409  ]
 [ 74.947365]
 [ 76.06217 ]
 [ 79.79982 ]
 [ 80.86632 ]
 [ 77.54961 ]
 [ 75.78662 ]
 [ 77.24299 ]
 [ 87.547035]
 [ 95.40492 ]
 [103.678734]
 [100.30235 ]
 [ 96.39164 ]
 [ 98.521996]
 [ 95.2576  ]
 [100.366646]
 [103.179184]
 [103.20371 ]
 [100.45334 ]
 [ 89.05981 ]
 [ 91.99257 ]
 [ 97.6555  ]
 [ 97.73932 ]
 [ 94.59221 ]
 [ 93.27923 ]
 [ 93.56709 ]
 [ 80.12354 ]
 [ 72.72863 ]
 [ 63.513428]
 [ 73.99508 ]
 [ 76.86933 ]
 [ 72.11422 ]
 [ 69.70651 ]
 [ 65.71912 ]
 [ 71.700264]
 [ 74.06834 ]
 [ 70.76995 ]
 [ 69.20188 ]
 [ 71.60008 ]
 [ 73.066055]
 [ 71.25402 ]
 [ 69.695526]
 [ 63.00605 ]
 [ 57.870174]
 [ 59.226757]
 [ 62.524525]
 [ 61.34229 ]
 [ 59.96416 ]
 [ 61.705086]
 [ 65.576546]
 [ 64.64467 ]
 [ 66.658134]
 [ 68.30143 ]
 [ 76.034485]
 [ 77.21972 ]
 [ 80.20972 ]
 [ 81.72966 ]
 [ 72.79044 ]
 [ 70.50256 ]
 [ 70.36128 ]
 [ 68.168465]
 [ 66.624626]
 [ 74.67883 ]
 [ 79.84626 ]
 [ 91.874794]
 [ 94.38368 ]
 [ 83.42409 ]
 [ 76.753395]
 [ 79.19288 ]
 [ 67.78879 ]]
