[ 90.          79.          99.         117.          99.
  99.          86.          95.          93.          69.
  87.          94.          74.          90.          76.
  71.          87.          60.          72.          73.
  77.          51.          66.          58.          63.
  52.5         67.          63.          78.          84.
  69.          75.          77.          71.          82.
  85.          82.          81.5         94.          99.
  97.          78.          93.5         80.          92.
  74.          71.          83.          70.          80.
  86.          61.          77.15506329  70.          83.
  95.          82.          86.          83.          83.
  82.          79.         101.         122.         100.
  74.          70.          70.          70.          74.
  73.          83.          66.          60.          66.
  62.          60.          69.          67.          71.
  68.          60.          68.          73.          66.
  67.          72.          77.          67.          47.
  68.          85.5         84.          78.          89.
  81.          61.          75.          99.         104.
  83.          77.15506329  62.          70.          91.
  98.         103.         112.         105.         111.
 109.          99.         110.          88.          82.5
  99.          81.          79.          72.          80.
  75.          86.          77.          61.          56.
  55.          66.          60.          71.          71.
  74.          72.          54.          65.          74.
  75.          76.          72.          69.          78.5
  67.          72.          63.          69.          87.
  71.          71.          72.5         75.          93.
  89.         100.          96.          96.         101.
 102.          70.5         72.          74.          67.
  68.          70.          65.          75.5         72.
  65.          80.          95.          94.5         71.
  84.5         81.          78.          71.          66.
  83.          85.          62.          73.          80.
  69.          66.          63.          63.          69.
  68.          78.5         78.          78.          79.
  67.          69.          82.          78.          61.
  73.5         70.          79.          81.5         83.
  90.          79.          99.          97.          95.
  67.          79.5         65.          80.          74.
  70.5         79.          78.         104.          77.
  74.          87.          84.          94.         109.
  91.          93.5         95.          76.          72.
  61.          57.          59.          70.          68.
  82.          67.          69.          73.          76.
  70.          57.          75.          63.          72.
  64.          66.          70.          81.          68.
  74.          72.          79.          84.          81.
  69.          77.          74.          97.         103.
 107.          88.          96.         101.          90.
 106.          99.         104.          90.          80.
  99.         100.          98.          85.          96.
  84.          69.          57.          62.          85.
  70.          67.          66.          62.          78.
  70.          68.          66.          76.          71.
  70.          63.          55.          54.          63.
  65.          58.          58.          65.          69.
  59.          69.          64.          83.          68.
  82.          77.          66.          69.          70.
  68.          63.          82.          82.          99.
  93.          61.          76.          70.5         63.
  75.        ]
[[89.03255 ]
 [88.31027 ]
 [85.04305 ]
 [79.57467 ]
 [75.279785]
 [67.51962 ]
 [64.34247 ]
 [64.14822 ]
 [65.41259 ]
 [71.18872 ]
 [71.86973 ]
 [69.96189 ]
 [69.4506  ]
 [69.36402 ]
 [69.77641 ]
 [68.52518 ]
 [68.24587 ]
 [68.61044 ]
 [68.80179 ]
 [67.9866  ]
 [65.765625]
 [66.696915]
 [69.91708 ]
 [71.692894]
 [71.79211 ]
 [71.71237 ]
 [72.003044]
 [75.79587 ]
 [77.1837  ]
 [77.11705 ]
 [75.80075 ]
 [74.36748 ]
 [79.99045 ]
 [85.423996]
 [92.323326]
 [91.80878 ]
 [89.589874]
 [89.29338 ]
 [88.35323 ]
 [92.24986 ]
 [93.146545]
 [94.66434 ]
 [94.199844]
 [89.18762 ]
 [89.58942 ]
 [90.46692 ]
 [92.112465]
 [90.84457 ]
 [88.897705]
 [88.00494 ]
 [83.12653 ]
 [78.09638 ]
 [71.19871 ]
 [72.00399 ]
 [73.52048 ]
 [72.87137 ]
 [71.66307 ]
 [67.99579 ]
 [69.68026 ]
 [70.74859 ]
 [70.465546]
 [69.02277 ]
 [69.26123 ]
 [69.338135]
 [69.14935 ]
 [68.256546]
 [64.56782 ]
 [61.170063]
 [59.964676]
 [61.417236]
 [62.00833 ]
 [61.17574 ]
 [62.326714]
 [64.603966]
 [64.93091 ]
 [66.22585 ]
 [66.5289  ]
 [71.45209 ]
 [72.340744]
 [74.70399 ]
 [75.06684 ]
 [72.88385 ]
 [71.474205]
 [69.74764 ]
 [68.33137 ]
 [67.6481  ]
 [71.705345]
 [75.07557 ]
 [83.54748 ]
 [85.31057 ]
 [84.4262  ]
 [80.88386 ]
 [79.27402 ]
 [75.39224 ]]
